He TZV2P-MOLOPT-PBE-GTH-q2 TZV2P-MOLOPT-GGA-GTH-q2
   2
  1  0  0  8  3
   15.6308967010        0.0284685266   -0.0251206763    0.0250614760
   7.59217157660        0.0588148832   -0.0528809562    0.0919100135
   3.68763675886        0.1027987551   -0.1048684789    0.0635303462
   1.79114298565        0.1897922568   -0.2625011156    0.7320854288
  0.869986228261        0.2610764439   -0.3401676738   -0.4893354855
  0.422565950027        0.2797911147   -0.0994916383    0.8502509310
  0.205246906585        0.1940397962    0.2996570499   -3.3319838773
  0.996916402281E-01    0.0625478779    0.8139840244    2.5816191648
  2  1  2  4  2  1
   2.40546909062        0.0294233486   -0.0546053962    0.0167331253
  0.809012693559        0.1223315035   -0.0601631857    0.1224562190
  0.272088941359        0.4835553270   -1.1656518229    0.5916787382
  0.915095555354E-01    0.5155608870    1.2881541022    0.4465001037

He TZVP-MOLOPT-PBE-GTH-q2 TZVP-MOLOPT-GGA-GTH-q2
   2
  1  0  0  8  3
   15.6308967010        0.0284685266   -0.0251206763    0.0250614760
   7.59217157660        0.0588148832   -0.0528809562    0.0919100135
   3.68763675886        0.1027987551   -0.1048684789    0.0635303462
   1.79114298565        0.1897922568   -0.2625011156    0.7320854288
  0.869986228261        0.2610764439   -0.3401676738   -0.4893354855
  0.422565950027        0.2797911147   -0.0994916383    0.8502509310
  0.205246906585        0.1940397962    0.2996570499   -3.3319838773
  0.996916402281E-01    0.0625478779    0.8139840244    2.5816191648
  1  1  1  4  1
   2.40546909062        0.0294233486
  0.809012693559        0.1223315035
  0.272088941359        0.4835553270
  0.915095555354E-01    0.5155608870

He DZVP-MOLOPT-PBE-GTH-q2 DZVP-MOLOPT-GGA-GTH-q2
   2
  1  0  0  8  2
   15.6308967010        0.0284685266   -0.0251206763
   7.59217157660        0.0588148832   -0.0528809562
   3.68763675886        0.1027987551   -0.1048684789
   1.79114298565        0.1897922568   -0.2625011156
  0.869986228261        0.2610764439   -0.3401676738
  0.422565950027        0.2797911147   -0.0994916383
  0.205246906585        0.1940397962    0.2996570499
  0.996916402281E-01    0.0625478779    0.8139840244
  1  1  1  4  1
   2.40546909062        0.0294233486
  0.809012693559        0.1223315035
  0.272088941359        0.4835553270
  0.915095555354E-01    0.5155608870

Ne TZV2P-MOLOPT-PBE-GTH-q8 TZV2P-MOLOPT-GGA-GTH-q8
   2
  1  0  1  8  3  3
   20.8116665782       -0.0499051879    0.0339896342   -0.0539637837   -0.0323461944    0.0217234088   -0.0188680237
   9.96861512161       -0.1100953591    0.0888109639   -0.0498737744   -0.0905323443    0.0569285540   -0.0978207228
   4.77488369658       -0.0264587242    0.0156352649   -0.2173856972   -0.1667412899    0.1219907333   -0.0636396949
   2.28712955989        0.2696059065   -0.2556096834    1.1112289398   -0.2643004638    0.1717478761   -0.4500261416
   1.09551602848        0.4080406261   -0.8199652552    0.6272378147   -0.2853511220    0.2717383675    0.1799338022
  0.524743062092        0.3522448628    0.0140028414   -1.9053453537   -0.2468620278   -0.0870569815   -0.3024676616
  0.251347560470        0.1150423584    0.9109948662   -0.5759178263   -0.1415655423   -0.1851662209    2.1061787691
  0.120393390057        0.0107986646    0.3393259618    1.5589249165   -0.0555579323   -0.7790606925   -1.8146472382
  3  2  3  4  2  1
   16.8164271077        0.0354300624   -0.0628208888    0.0228940417
   6.69477035661        0.1551071390   -0.1245417112    0.1577051471
   2.66524808396        0.5322703518   -1.0315637486    0.6103837608
   1.06105915075        0.4390572325    1.2751750634    0.3870513952

Ne TZVP-MOLOPT-PBE-GTH-q8 TZVP-MOLOPT-GGA-GTH-q8
   2
  1  0  1  8  3  3
   20.8116665782       -0.0499051879    0.0339896342   -0.0539637837   -0.0323461944    0.0217234088   -0.0188680237
   9.96861512161       -0.1100953591    0.0888109639   -0.0498737744   -0.0905323443    0.0569285540   -0.0978207228
   4.77488369658       -0.0264587242    0.0156352649   -0.2173856972   -0.1667412899    0.1219907333   -0.0636396949
   2.28712955989        0.2696059065   -0.2556096834    1.1112289398   -0.2643004638    0.1717478761   -0.4500261416
   1.09551602848        0.4080406261   -0.8199652552    0.6272378147   -0.2853511220    0.2717383675    0.1799338022
  0.524743062092        0.3522448628    0.0140028414   -1.9053453537   -0.2468620278   -0.0870569815   -0.3024676616
  0.251347560470        0.1150423584    0.9109948662   -0.5759178263   -0.1415655423   -0.1851662209    2.1061787691
  0.120393390057        0.0107986646    0.3393259618    1.5589249165   -0.0555579323   -0.7790606925   -1.8146472382
  2  2  2  4  1
   16.8164271077        0.0354300624
   6.69477035661        0.1551071390
   2.66524808396        0.5322703518
   1.06105915075        0.4390572325

Ne DZVP-MOLOPT-PBE-GTH-q8 DZVP-MOLOPT-GGA-GTH-q8
   2
  1  0  1  8  2  2
   20.8116665782       -0.0499051879    0.0339896342   -0.0323461944    0.0217234088
   9.96861512161       -0.1100953591    0.0888109639   -0.0905323443    0.0569285540
   4.77488369658       -0.0264587242    0.0156352649   -0.1667412899    0.1219907333
   2.28712955989        0.2696059065   -0.2556096834   -0.2643004638    0.1717478761
   1.09551602848        0.4080406261   -0.8199652552   -0.2853511220    0.2717383675
  0.524743062092        0.3522448628    0.0140028414   -0.2468620278   -0.0870569815
  0.251347560470        0.1150423584    0.9109948662   -0.1415655423   -0.1851662209
  0.120393390057        0.0107986646    0.3393259618   -0.0555579323   -0.7790606925
  2  2  2  4  1
   16.8164271077        0.0354300624
   6.69477035661        0.1551071390
   2.66524808396        0.5322703518
   1.06105915075        0.4390572325

Ar TZV2P-MOLOPT-PBE-GTH-q8 TZV2P-MOLOPT-GGA-GTH-q8
   2
  1  0  1  8  3  3
   12.3959616390        0.0021847393   -0.0050830371   -0.0040098900   -0.0016280233    0.0020000247    0.0069469357
   6.01401843527        0.0279434444    0.0105940015    0.0253580510    0.0201853105   -0.0173483773   -0.0247036708
   2.91775812099       -0.3460015544    0.1805636324   -0.3560906174    0.0512898178   -0.0110879438    0.1236135166
   1.41557804391        0.0012073790    0.2443831417   -0.2383428921   -0.1709630949    0.0839223192   -0.3897195200
  0.686781122800        0.5151336266   -1.1203982031    3.0341288473   -0.3678750809    0.4979818653   -0.3102321235
  0.333198379746        0.4960731094   -0.6282538560   -2.6316769405   -0.3637711100    0.1359563151   -0.6062114418
  0.161654356213        0.1812003234    1.1733918691   -1.2881338408   -0.2108018783   -0.1529034187    2.7335830763
  0.784281451263E-01    0.0125142235    0.4572764524    1.9349513103   -0.0686711315   -0.9051374090   -2.0021481767
  3  2  3  4  2  1
   1.96746302815        0.0354298915   -0.0628207649    0.0228939187
  0.783264459245        0.1551066208   -0.1245412130    0.1577044656
  0.311824519362        0.5322697255   -1.0315649995    0.6103831881
  0.124140103292        0.4390584751    1.2751747142    0.3870527349

Ar TZVP-MOLOPT-PBE-GTH-q8 TZVP-MOLOPT-GGA-GTH-q8
   2
  1  0  1  8  3  3
   12.3959616390        0.0021847393   -0.0050830371   -0.0040098900   -0.0016280233    0.0020000247    0.0069469357
   6.01401843527        0.0279434444    0.0105940015    0.0253580510    0.0201853105   -0.0173483773   -0.0247036708
   2.91775812099       -0.3460015544    0.1805636324   -0.3560906174    0.0512898178   -0.0110879438    0.1236135166
   1.41557804391        0.0012073790    0.2443831417   -0.2383428921   -0.1709630949    0.0839223192   -0.3897195200
  0.686781122800        0.5151336266   -1.1203982031    3.0341288473   -0.3678750809    0.4979818653   -0.3102321235
  0.333198379746        0.4960731094   -0.6282538560   -2.6316769405   -0.3637711100    0.1359563151   -0.6062114418
  0.161654356213        0.1812003234    1.1733918691   -1.2881338408   -0.2108018783   -0.1529034187    2.7335830763
  0.784281451263E-01    0.0125142235    0.4572764524    1.9349513103   -0.0686711315   -0.9051374090   -2.0021481767
  2  2  2  4  1
   1.96746302815        0.0354298915
  0.783264459245        0.1551066208
  0.311824519362        0.5322697255
  0.124140103292        0.4390584751

Ar DZVP-MOLOPT-PBE-GTH-q8 DZVP-MOLOPT-GGA-GTH-q8
   2
  1  0  1  8  2  2
   12.3959616390        0.0021847393   -0.0050830371   -0.0016280233    0.0020000247
   6.01401843527        0.0279434444    0.0105940015    0.0201853105   -0.0173483773
   2.91775812099       -0.3460015544    0.1805636324    0.0512898178   -0.0110879438
   1.41557804391        0.0012073790    0.2443831417   -0.1709630949    0.0839223192
  0.686781122800        0.5151336266   -1.1203982031   -0.3678750809    0.4979818653
  0.333198379746        0.4960731094   -0.6282538560   -0.3637711100    0.1359563151
  0.161654356213        0.1812003234    1.1733918691   -0.2108018783   -0.1529034187
  0.784281451263E-01    0.0125142235    0.4572764524   -0.0686711315   -0.9051374090
  2  2  2  4  1
   1.96746302815        0.0354298915
  0.783264459245        0.1551066208
  0.311824519362        0.5322697255
  0.124140103292        0.4390584751

Kr TZV2P-MOLOPT-PBE-GTH-q8 TZV2P-MOLOPT-GGA-GTH-q8
   2
  1  0  1  8  3  3
   8.16921408058       -0.0024839994   -0.0079917270   -0.0097677877    0.0027117240   -0.0042159871   -0.0117691632
   4.15397179545        0.0705421212    0.0186183706    0.0518769407   -0.0224988385    0.0279118742    0.0442352882
   2.11225725108       -0.4456993955    0.1548089145   -0.4149069376   -0.1142307419    0.0424284288   -0.2608884503
   1.07406379110        0.0020011412    0.4252402105   -0.4282551298    0.1410199515   -0.0096433772    0.4807671169
  0.546151765733        0.5735559611   -1.4192221371    3.9409173583    0.3637422060   -0.6175052444    0.2455333585
  0.277713254728        0.4884015555   -0.5692208726   -3.7075420652    0.3845172368   -0.0964335429    1.0793880580
  0.141214689196        0.1735800909    1.2374483018   -0.8807376309    0.2206929459   -0.0357829144   -3.4056370073
  0.718063978046E-01    0.0108805555    0.4610180748    1.9298027454    0.0854097496    1.0538432563    2.2766329038
  3  2  3  4  2  1
   1.28994779293        0.0354186350   -0.0628175724    0.0228861473
  0.513539432230        0.1550661659   -0.1244920721    0.1576511338
  0.204444513104        0.5322067106   -1.0316941334    0.6103257823
  0.813911382753E-01    0.4391649725    1.2751669705    0.3871656621

Kr TZVP-MOLOPT-PBE-GTH-q8 TZVP-MOLOPT-GGA-GTH-q8
   2
  1  0  1  8  3  3
   8.16921408058       -0.0024839994   -0.0079917270   -0.0097677877    0.0027117240   -0.0042159871   -0.0117691632
   4.15397179545        0.0705421212    0.0186183706    0.0518769407   -0.0224988385    0.0279118742    0.0442352882
   2.11225725108       -0.4456993955    0.1548089145   -0.4149069376   -0.1142307419    0.0424284288   -0.2608884503
   1.07406379110        0.0020011412    0.4252402105   -0.4282551298    0.1410199515   -0.0096433772    0.4807671169
  0.546151765733        0.5735559611   -1.4192221371    3.9409173583    0.3637422060   -0.6175052444    0.2455333585
  0.277713254728        0.4884015555   -0.5692208726   -3.7075420652    0.3845172368   -0.0964335429    1.0793880580
  0.141214689196        0.1735800909    1.2374483018   -0.8807376309    0.2206929459   -0.0357829144   -3.4056370073
  0.718063978046E-01    0.0108805555    0.4610180748    1.9298027454    0.0854097496    1.0538432563    2.2766329038
  2  2  2  4  1
   1.28994779293        0.0354186350
  0.513539432230        0.1550661659
  0.204444513104        0.5322067106
  0.813911382753E-01    0.4391649725

Kr DZVP-MOLOPT-PBE-GTH-q8 DZVP-MOLOPT-GGA-GTH-q8
   2
  1  0  1  8  2  2
   8.16921408058       -0.0024839994   -0.0079917270    0.0027117240   -0.0042159871
   4.15397179545        0.0705421212    0.0186183706   -0.0224988385    0.0279118742
   2.11225725108       -0.4456993955    0.1548089145   -0.1142307419    0.0424284288
   1.07406379110        0.0020011412    0.4252402105    0.1410199515   -0.0096433772
  0.546151765733        0.5735559611   -1.4192221371    0.3637422060   -0.6175052444
  0.277713254728        0.4884015555   -0.5692208726    0.3845172368   -0.0964335429
  0.141214689196        0.1735800909    1.2374483018    0.2206929459   -0.0357829144
  0.718063978046E-01    0.0108805555    0.4610180748    0.0854097496    1.0538432563
  2  2  2  4  1
   1.28994779293        0.0354186350
  0.513539432230        0.1550661659
  0.204444513104        0.5322067106
  0.813911382753E-01    0.4391649725

Xe TZV2P-MOLOPT-PBE-GTH-q8 TZV2P-MOLOPT-GGA-GTH-q8
   2
  1  0  1  8  3  3
   12.5345323327        0.0005608223   -0.0008979839    0.0251705379   -0.0009373325   -0.0010717130   -0.0014135849
   5.93514461647       -0.0085779106    0.0059623565   -0.1277292198    0.0045646446    0.0044001902    0.0076570869
   2.81031160027        0.1199756841   -0.0732403203    0.4599051118   -0.0050398605   -0.0176870427   -0.0180674336
   1.33069230844       -0.6415290242    0.4867821835   -1.7010731380   -0.1880292242    0.2030374488   -0.1816432622
  0.630087432145        0.2416428012    0.0094496358    2.4075652031    0.2289509634   -0.3077727623    0.2773983117
  0.298348588648        0.7838248737   -2.1485690443    1.1194685988    0.5096105050   -0.5669332645    1.9621328563
  0.141269093473        0.3156372126    1.2358978947   -4.6044451052    0.3425651271   -0.1982501752   -3.6941746684
  0.668914066635E-01    0.0323163506    0.7847132969    2.8847141655    0.1290589377    1.2114643111    2.0752703684
  3  2  3  4  2  1
  0.805517667609        0.0333516800   -0.0621345926    0.0214659295
  0.320541084287        0.1477669389   -0.1156346080    0.1480304880
  0.127553486221        0.5205356998   -1.0546177498    0.5995647057
  0.507575866077E-01    0.4586393034    1.2731185737    0.4078699446

Xe TZVP-MOLOPT-PBE-GTH-q8 TZVP-MOLOPT-GGA-GTH-q8
   2
  1  0  1  8  3  3
   12.5345323327        0.0005608223   -0.0008979839    0.0251705379   -0.0009373325   -0.0010717130   -0.0014135849
   5.93514461647       -0.0085779106    0.0059623565   -0.1277292198    0.0045646446    0.0044001902    0.0076570869
   2.81031160027        0.1199756841   -0.0732403203    0.4599051118   -0.0050398605   -0.0176870427   -0.0180674336
   1.33069230844       -0.6415290242    0.4867821835   -1.7010731380   -0.1880292242    0.2030374488   -0.1816432622
  0.630087432145        0.2416428012    0.0094496358    2.4075652031    0.2289509634   -0.3077727623    0.2773983117
  0.298348588648        0.7838248737   -2.1485690443    1.1194685988    0.5096105050   -0.5669332645    1.9621328563
  0.141269093473        0.3156372126    1.2358978947   -4.6044451052    0.3425651271   -0.1982501752   -3.6941746684
  0.668914066635E-01    0.0323163506    0.7847132969    2.8847141655    0.1290589377    1.2114643111    2.0752703684
  2  2  2  4  1
  0.805517667609        0.0333516800
  0.320541084287        0.1477669389
  0.127553486221        0.5205356998
  0.507575866077E-01    0.4586393034

Xe DZVP-MOLOPT-PBE-GTH-q8 DZVP-MOLOPT-GGA-GTH-q8
   2
  1  0  1  8  2  2
   12.5345323327        0.0005608223   -0.0008979839   -0.0009373325   -0.0010717130
   5.93514461647       -0.0085779106    0.0059623565    0.0045646446    0.0044001902
   2.81031160027        0.1199756841   -0.0732403203   -0.0050398605   -0.0176870427
   1.33069230844       -0.6415290242    0.4867821835   -0.1880292242    0.2030374488
  0.630087432145        0.2416428012    0.0094496358    0.2289509634   -0.3077727623
  0.298348588648        0.7838248737   -2.1485690443    0.5096105050   -0.5669332645
  0.141269093473        0.3156372126    1.2358978947    0.3425651271   -0.1982501752
  0.668914066635E-01    0.0323163506    0.7847132969    0.1290589377    1.2114643111
  2  2  2  4  1
  0.805517667609        0.0333516800
  0.320541084287        0.1477669389
  0.127553486221        0.5205356998
  0.507575866077E-01    0.4586393034

Rn TZV2P-MOLOPT-PBE-GTH-q8 TZV2P-MOLOPT-GGA-GTH-q8
   2
  1  0  1  8  3  3
   11.7090704788        0.0006090776   -0.0019527264    0.0360310618   -0.0002958356   -0.0012489088   -0.0009083445
   5.53625761735       -0.0116314546    0.0148755338   -0.1881197136    0.0003468340    0.0062403902    0.0039927040
   2.61764146531        0.1513053447   -0.1331885543    0.7165388925    0.0233482393   -0.0372041914    0.0130967728
   1.23766762938       -0.7669839742    0.6286862160   -2.3974592018   -0.2241521288    0.2385294280   -0.2603382454
  0.585191356847        0.4016313346   -0.1112156109    3.6987249782    0.1855532802   -0.2588784892    0.2196319849
  0.276688923584        0.7933935388   -2.3287848307   -0.4900837035    0.5319549456   -0.6303074123    2.1599189678
  0.130823464048        0.2497886412    1.7463180647   -3.5096895960    0.3573513817   -0.2233476669   -3.8082671159
  0.618556699847E-01    0.0137808254    0.4986341563    2.5977513295    0.1349669000    1.2328862303    2.0894456325
  3  2  3  4  2  1
  0.755624135844        0.0308773265   -0.0609941016    0.0197788692
  0.300162907515        0.1393761016   -0.1056579272    0.1370016785
  0.119236227079        0.5065880132   -1.0794745472    0.5863703650
  0.473652056671E-01    0.4814952166    1.2687901752    0.4323282233

Rn TZVP-MOLOPT-PBE-GTH-q8 TZVP-MOLOPT-GGA-GTH-q8
   2
  1  0  1  8  3  3
   11.7090704788        0.0006090776   -0.0019527264    0.0360310618   -0.0002958356   -0.0012489088   -0.0009083445
   5.53625761735       -0.0116314546    0.0148755338   -0.1881197136    0.0003468340    0.0062403902    0.0039927040
   2.61764146531        0.1513053447   -0.1331885543    0.7165388925    0.0233482393   -0.0372041914    0.0130967728
   1.23766762938       -0.7669839742    0.6286862160   -2.3974592018   -0.2241521288    0.2385294280   -0.2603382454
  0.585191356847        0.4016313346   -0.1112156109    3.6987249782    0.1855532802   -0.2588784892    0.2196319849
  0.276688923584        0.7933935388   -2.3287848307   -0.4900837035    0.5319549456   -0.6303074123    2.1599189678
  0.130823464048        0.2497886412    1.7463180647   -3.5096895960    0.3573513817   -0.2233476669   -3.8082671159
  0.618556699847E-01    0.0137808254    0.4986341563    2.5977513295    0.1349669000    1.2328862303    2.0894456325
  2  2  2  4  1
  0.755624135844        0.0308773265
  0.300162907515        0.1393761016
  0.119236227079        0.5065880132
  0.473652056671E-01    0.4814952166

Rn DZVP-MOLOPT-PBE-GTH-q8 DZVP-MOLOPT-GGA-GTH-q8
   2
  1  0  1  8  2  2
   11.7090704788        0.0006090776   -0.0019527264   -0.0002958356   -0.0012489088
   5.53625761735       -0.0116314546    0.0148755338    0.0003468340    0.0062403902
   2.61764146531        0.1513053447   -0.1331885543    0.0233482393   -0.0372041914
   1.23766762938       -0.7669839742    0.6286862160   -0.2241521288    0.2385294280
  0.585191356847        0.4016313346   -0.1112156109    0.1855532802   -0.2588784892
  0.276688923584        0.7933935388   -2.3287848307    0.5319549456   -0.6303074123
  0.130823464048        0.2497886412    1.7463180647    0.3573513817   -0.2233476669
  0.618556699847E-01    0.0137808254    0.4986341563    0.1349669000    1.2328862303
  2  2  2  4  1
  0.755624135844        0.0308773265
  0.300162907515        0.1393761016
  0.119236227079        0.5065880132
  0.473652056671E-01    0.4814952166

