# 28. 2. 2025
Ca GTH-PBE-q10 GTH-GGA-q10
    4    6    0    0
    0.38891243965184       2   -3.03915665418961   -1.56745942339290
       2
    0.29878270580196       2   17.13646171819022   -5.62263792095965
                                                    7.38720794525505
    0.31564296540299       2    7.29476094080594   -2.46093455253040
                                                    2.73408496359385

Cr GTH-PBE-q14 GTH-GGA-q14
    3    6    5    0
    0.38317221196620       2    4.03811327534861   -0.23919154684952
       3
    0.32260757430863       2    1.62867883080742    4.72549749668165
                                                   -6.00019230929015
    0.23523241583756       2   -6.46188733151545    9.35859886459209
                                                  -11.12131390199870
    0.24192156025420       1   -9.02334386047187

Zn GTH-PBE-q12 GTH-GGA-q12
    2    0   10    0
    0.50914694971739       0
       3
    0.40066408144159       3   11.47893126747453   -8.79187781919433    3.14507195899404
                                                   16.45372719670478   -8.12057197053989
                                                                        6.44689859214355
    0.54301736767956       2    2.59796265980226   -0.59409180055963
                                                    0.70325287492010
    0.25073267851635       1  -14.48480026680654

Ru GTH-PBE-q16 GTH-GGA-q16
    3    6    7    0                               
    0.42103333336705       2   27.23483200537838   -4.85942789157841
       3                                            
    0.32865938569778       2    0.12819556882447    2.76202132138830
                                                   -3.44464195182965
    0.29960341864535       2   -0.45316504169311   -0.72874782437081
                                                    0.46241955372807
    0.42598119069196       2    1.22686384321695   -2.68645524428405
                                                    3.10527724821787

Rh GTH-PBE-q17 GTH-GGA-q17
    3    6    8    0
    0.41310123923000       2   27.36215346992317   -4.92355013331236
       3
    0.33312550171288       2    0.08477309995620    2.76202293277312
                                                   -3.50835961307450
    0.31060288275280       2   -0.27160569813357   -0.72874731821471
                                                    0.46585372680957
    0.42841470584491       2    1.21630000571090   -2.68646040300926
                                                    3.12307488441453

Pd GTH-PBE-q18 GTH-GGA-q18
    2    6   10    0
    0.41327379937304       2   25.48275194686359   -4.61692095374295
       3                                           
    0.31401054173380       2   -0.10207644014681    4.38481320258847
                                                   -5.53950406701331
    0.42170208045672       2   -0.02380739744057   -1.07790262612868
                                                    1.27419042998414
    0.44441054415015       2    1.63131004030608   -3.09360630080660
                                                    3.51131886794129


